+2.50000001E+00 -2.30842973E-11 +1.61561948E-14 -4.73515235E-18 +4.98197357E-22 +2.54736599E+04 -4.46682914E-01;% 1 - H 
+2.56942078E+00 -8.59741137E-05 +4.19484589E-08 -1.00177799E-11 +1.22833691E-15 +2.92175791E+04 +4.78433864E+00;% 2 - O
+2.86472886E+00 +1.05650448E-03 -2.59082758E-07 +3.05218674E-11 -1.33195876E-15 +3.71885774E+03 +5.70164073E+00;% 3 - OH
+4.01721090E+00 +2.23982013E-03 -6.33658150E-07 +1.14246370E-10 -1.07908535E-14 +1.11856713E+02 +3.78510215E+00;% 4 - HO2
+3.33727920E+00 -4.94024731E-05 +4.99456778E-07 -1.79566394E-10 +2.00255376E-14 -9.50158922E+02 -3.20502331E+00;% 5 - H2
+3.03399249E+00 +2.17691804E-03 -1.64072518E-07 -9.70419870E-11 +1.68200992E-14 -3.00042971E+04 +4.96677010E+00;% 6 - H2O
+4.16500285E+00 +4.90831694E-03 -1.90139225E-06 +3.71185986E-10 -2.87908305E-14 -1.78617877E+04 +2.91615662E+00;% 7 - H2O2
+3.28253784E+00 +1.48308754E-03 -7.57966669E-07 +2.09470555E-10 -2.16717794E-14 -1.08845772E+03 +5.45323129E+00;% 8 - O2
+2.28571772E+00 +7.23990037E-03 -2.98714348E-06 +5.95684644E-10 -4.67154394E-14 +1.67755843E+04 +8.48007179E+00;% 9 - CH3 
+7.48514950E-02 +1.33909467E-02 -5.73285809E-06 +1.22292535E-09 -1.01815230E-13 -9.46834459E+03 +1.84373180E+01;%10 - CH4
+1.76069008E+00 +9.20000082E-03 -4.42258813E-06 +1.00641212E-09 -8.83855640E-14 -1.39958323E+04 +1.36563230E+01;%11 - CH2O
+2.71518561E+00 +2.06252743E-03 -9.98825771E-07 +2.30053008E-10 -2.03647716E-14 -1.41518724E+04 +7.81868772E+00;%12 - CO
+3.85746029E+00 +4.41437026E-03 -2.21481404E-06 +5.23490188E-10 -4.72084164E-14 -4.87591660E+04 +2.27163806E+00;%13 - CO2
+4.14756964E+00 +5.96166664E-03 -2.37294852E-06 +4.67412171E-10 -3.61235213E-14 +2.59359992E+04 -1.23028121E+00;%14 - C2H2
+2.03611116E+00 +1.46454151E-02 -6.71077915E-06 +1.47222923E-09 -1.25706061E-13 +4.93988614E+03 +1.03053693E+01;%15 - C2H4
+1.07188150E+00 +2.16852677E-02 -1.00256067E-05 +2.21412001E-09 -1.90002890E-13 -1.14263932E+04 +1.51156107E+01;%16 - C2H6
+0.59756699E+01 +0.81305914E-02 -0.27436245E-05 +0.40703041E-09 -0.21760171E-13 -0.96950000E+03 -0.50320879E+01;%17 - CH2CHO
+0.65007877E+01 +0.14324731E-01 -0.56781632E-05 +0.11080801E-08 -0.90363887E-13 +0.17482449E+05 -0.11243050E+02;%18 - aC3H5
+0.06732257E+02 +0.01490834E+00 -0.04949899E-04 +0.07212022E-08 -0.03766204E-12 -0.09235703E+04 -0.01331335E+03;%19 - C3H6
+0.58111868E+01 +0.17114256E-01 -0.74834161E-05 +0.14252249E-08 -0.91746841E-13 -0.10784054E+05 -0.48588004E+01;%20 - C2H3CHO
+0.20535841E+01 +0.34350507E-01 -0.15883197E-04 +0.33089662E-08 -0.25361045E-12 -0.21397231E+04 +0.15543201E+02;%21 - C4H81-C4H8
+3.85095037E+01 +5.63550048E-02 -1.91493200E-05 +2.96024862E-09 -1.71244150E-13 -5.48843465E+04 -1.72670922E+02;%22 - NC12H26
+0.15091719E+02 +0.29076910E-01 -0.95016030E-05 +0.14764964E-08 -0.89480832E-13 -0.12462882E+05 -0.51947624E+02;%23 - C6H12 
+0.02926640E+02 +0.14879768E-02 -0.05684760E-05 +0.10097038E-09 -0.06753351E-13 -0.09227977E+04 +0.05980528E+02;%24 - N2



+2.50000000E+00 +7.05332819E-13 -1.99591964E-15 +2.30081632E-18 -9.27732332E-22 +2.54736599E+04 -4.46682853E-01;% 1 - H
+3.16826710E+00 -3.27931884E-03 +6.64306396E-06 -6.12806624E-09 +2.11265971E-12 +2.91222592E+04 +2.05193346E+00;% 2 - O
+4.12530561E+00 -3.22544939E-03 +6.52764691E-06 -5.79853643E-09 +2.06237379E-12 +3.38153812E+03 -6.90432960E-01;% 3 - OH
+4.30179801E+00 -4.74912051E-03 +2.11582891E-05 -2.42763894E-08 +9.29225124E-12 +2.94808040E+02 +3.71666245E+00;% 4 - HO2
+2.34433112E+00 +7.98052075E-03 -1.94781510E-05 +2.01572094E-08 -7.37611761E-12 -9.17935173E+02 +6.83010238E-01;% 5 - H2
+4.19864056E+00 -2.03643410E-03 +6.52040211E-06 -5.48797062E-09 +1.77197817E-12 -3.02937267E+04 -8.49032208E-01;% 6 - H2O
+4.27611269E+00 -5.42822417E-04 +1.67335701E-05 -2.15770813E-08 +8.62454363E-12 -1.77025821E+04 +3.43505074E+00;% 7 - H2O2
+3.78245636E+00 -2.99673416E-03 +9.84730201E-06 -9.68129509E-09 +3.24372837E-12 -1.06394356E+03 +3.65767573E+00;% 8 - O2
+3.67359040E+00 +2.01095175E-03 +5.73021856E-06 -6.87117425E-09 +2.54385734E-12 +1.64449988E+04 +1.60456433E+00;% 9 - CH3
+5.14987613E+00 -1.36709788E-02 +4.91800599E-05 -4.84743026E-08 +1.66693956E-11 -1.02466476E+04 -4.64130376E+00;%10 - CH4
+4.79372315E+00 -9.90833369E-03 +3.73220008E-05 -3.79285261E-08 +1.31772652E-11 -1.43089567E+04 +6.02812900E-01;%11 - CH2O
+3.57953347E+00 -6.10353680E-04 +1.01681433E-06 +9.07005884E-10 -9.04424499E-13 -1.43440860E+04 +3.50840928E+00;%12 - CO
+2.35677352E+00 +8.98459677E-03 -7.12356269E-06 +2.45919022E-09 -1.43699548E-13 -4.83719697E+04 +9.90105222E+00;%13 - CO2
+8.08681094E-01 +2.33615629E-02 -3.55171815E-05 +2.80152437E-08 -8.50072974E-12 +2.64289807E+04 +1.39397051E+01;%14 - C2H2
+3.95920148E+00 -7.57052247E-03 +5.70990292E-05 -6.91588753E-08 +2.69884373E-11 +5.08977593E+03 +4.09733096E+00;%15 - C2H4
+4.29142492E+00 -5.50154270E-03 +5.99438288E-05 -7.08466285E-08 +2.68685771E-11 -1.15222055E+04 +2.66682316E+00;%16 - C2H6
+0.34090624E+01 +0.10738574E-01 +0.18914925E-05 -0.71585831E-08 +0.28673851E-11 +0.62000000E+02 +0.95714535E+01;%17 - CH2CHO
+0.13631835E+01 +0.19813821E-01 +0.12497060E-04 -0.33355555E-07 +0.15846571E-10 +0.19245629E+05 +0.17173214E+02;%18 - aC3H5
+0.01493307E+02 +0.02092518E+00 +0.04486794E-04 -0.01668912E-06 +0.07158146E-10 +0.01074826E+05 +0.01614534E+03;%19 - C3H6
+0.12713498E+01 +0.26231054E-01 -0.92912305E-05 -0.47837272E-08 +0.33480543E-11 -0.93357344E+04 +0.19498077E+02;%20 - C2H3CHO
+0.11811380E+01 +0.30853380E-01 +0.50865247E-05 -0.24654888E-07 +0.11110193E-10 -0.17904004E+04 +0.21062469E+02;%21 - C4H81-C4H8
-2.62181594E+00 +1.47237711E-01 -9.43970271E-05 +3.07441268E-08 -4.03602230E-12 -4.00654253E+04 +5.00994626E+01;%22 - NC12H26
-0.55547744E+00 +0.64605728E-01 -0.34200424E-04 +0.50421813E-08 +0.11477376E-11 -0.74860210E+04 +0.31462109E+02;%23 - C6H12
+0.03298677E+02 +0.14082404E-02 -0.03963222E-04 +0.05641515E-07 -0.02444854E-10 -0.10208999E+04 +0.03950372E+02;%24 - N2
